END  : 2016-01-19 09:57:12
user        count(jobid)  Ucput_s     Uwalltime_s  PBSWallTime_s  EffWallTime_s  UsageEfcy   AvgCoreUsed  MeanCoreUsed  AvgWait_s   ufr         labo      
----------  ------------  ----------  -----------  -------------  -------------  ----------  -----------  ------------  ----------  ----------  ----------
benhaiem    43            0           20           46             46             0.0         14.91        0.0           2.0         925         2516      
calandra    45            49428983    1142741      1142767        1113923        0.21        198.13       147.8         30637.51    925         2505      
dagrada     125           232979      68167        68192          68192          0.97        4.08         0.15          698.21      925         2505      
ducher      292           104743091   1077119      1077212        1077212        0.96        82.25        68.41         362.93      925         2505      
dupuy       44            13694       1079         1100           1100           0.05        178.91       0.19          0.91        925         2505      
gavazzi     9             1445        1239         1243           1243           0.34        2.67         0.0           1.44        934         2411      
gerolymos   3             0           3            3              3              0.0         21.33        0.0           1.33        919         2320      
hayh        12            135534      1936         1947           1947           1.72        55.33        0.05          3830.0      925         2505      
lacivita    40            2593996     57711        57731          57731          0.15        217.8        10.97         15.1        918         2803      
lagardere   97            15624132    683886       683919         683919         0.12        210.8        79.34         102.16      919         1929      
lizhu       176           17624829    389412       390390         390390         0.14        130.39       78.18         7935.4      none        none      
mas         47            23298939    259419       259425         259425         1.98        47.06        7.4           1256.7      925         2505      
norgeot     19            0           13           11             11             0.0         13.53        0.0           0.58        919         1929      
paulatto    26            2279        203          200            200            0.43        25.23        0.0           1.27        925         2505      
ribeiro     352           13681156    572109       572219         572219         1.0         24.0         8.63          2331.56     925         2505      
root        3             0           1            99             99             0.0         22.0         0.0           4717.0      none        none      
silvaberna  3             0           3            2              2              0.0         1.0          0.0           2.33        919         2763      
syloslabin  9             0           16           23             23             0.0         32.0         0.0           2.89        925         2516      
torche      17            23558       1744         1748           1748           0.87        14.59        0.02          4.59        925         2505      
valleti     1             0           0            1              1                          64.0         0.0           1817.0      919         2320      
'Total'     count(jobid)  Ucput_s     Uwalltime_s  PBSWallTime_s  EffWallTime_s  UsageEfcy   AvgCoreUsed  MeanCoreUsed  AvgWait_s 
----------  ------------  ----------  -----------  -------------  -------------  ----------  -----------  ------------  ----------
Total       1363          227404615   4256821      4258278        4229434        0.35        78.55        401.14        2876.81   
